[Trial Parameters]
NumberOfTubes=16
Solutions=Water,,NaCl,,,,,,,,,,,,,
Concentrations=0M,,100mM,,,,,,,,,,,,,
NumberOfPres=20
LickTime=10000,10000,10000,10000,10000,10000,10000,10000,10000,10000,10000,10000,10000,10000,10000,10000,10000,10000,10000,10000
LickCount=,,,,,,,,,,,,,,,,,,,
TubeSeq=1,3,3,1,1,3,3,1,1,3,1,3,3,1,1,3,1,3,1,3
IPITimes=30832,30025,30867,30656,30337,30485,30818,30660,30286,30456,30388,30948,30057,30407,30633,30647,30210,30329,30651,30071
IPImin=30000
IPImax=31000
MaxWaitTime=60000,60000,60000,60000,60000,60000,60000,60000,60000,60000,60000,60000,60000,60000,60000,60000,60000,60000,60000,60000
Version=Davis
MaxReTries=0
SessionTimeLimit=5400000
UseLED=False
UseCamera=False